TaxiUsual 959157548 6 27668 113 True True 4
TaxiBus 427547262 18 74330 97 16
TaxiDelivery 1504138331 16 64639 110 80
TaxiUsual 1213351146 13 23426 101 True True 4
TaxiBus 768020478 19 113453 116 16
TaxiUsual 1047021765 14 48300 108 True True 4
TaxiDelivery 944810500 20 109691 93 77
TaxiBus 2054932426 16 143117 116 16
TaxiUsual 959157548 6 27668 113 True True 4
TaxiBus 427547262 18 74330 97 16
TaxiDelivery 1504138331 16 64639 110 80
TaxiUsual 1213351146 13 23426 101 True True 4
TaxiBus 768020478 19 113453 116 16
TaxiUsual 1047021765 14 48300 108 True True 4
TaxiDelivery 944810500 20 109691 93 77
TaxiBus 2054932426 16 143117 116 16
TaxiUsual 946649760 5 22264 103 True True 4
TaxiHelicopter 761777933 16 88927 105 3
